3333000000.0
5023000000.0
3207000000.0
3759000000.0
19085000000.0
6694000000.0
12126000000.0
4627000000.0
19560000000.0
53351000000.0
14021000000.0
5116000000.0
13874000000.0
34206000000.0
35158000000.0
88230000000.0
76668000000.0
63181000000.0
14467000000.0
29443000000.0
5189000000.0
6254000000.0
7248000000.0
17049000000.0
14363000000.0
4634000000.0
15738000000.0
9354000000.0
42964000000.0
3966000000.0
4076000000.0
5513000000.0
9291000000.0
6006000000.0
4134000000.0
3801000000.0
4914000000.0
64211000000.0
41916000000.0
4379000000.0
4100000000.0
1.17875e+11
3172000000.0
23946000000.0
5006000000.0
6992000000.0
3929000000.0
3982000000.0
8016000000.0
4497000000.0
5810000000.0
6799000000.0
8079000000.0
12634000000.0
51535000000.0
6225000000.0
6620000000.0
3517000000.0
4629000000.0
32559000000.0
9660000000.0
7790000000.0
9176000000.0
4002000000.0
3360000000.0
33799000000.0
4059000000.0
36274000000.0
10688000000.0
57027000000.0
17691000000.0
1.33406e+11
1.33371e+11
4126000000.0
4537000000.0
50693000000.0
3645000000.0
5649000000.0
4477000000.0
21920000000.0
8095000000.0
4649000000.0
3406000000.0
14646000000.0
3362000000.0
25902000000.0
8957000000.0
13972000000.0
6922000000.0
38149000000.0
4598000000.0
3987000000.0
4079000000.0
4402000000.0
69499000000.0
5493000000.0
48899000000.0
7404000000.0
3651000000.0
8008000000.0