666600000.0
1004600000.0
641400000.0
751800000.0
3817000000.0
1338800000.0
2425200000.0
925400000.0
3912000000.0
10670200000.0
2804200000.0
1023200000.0
2774800000.0
6841200000.0
7031600000.0
17646000000.0
15333600000.0
12636200000.0
2893400000.0
5888600000.0
1037800000.0
1250800000.0
1449600000.0
3409800000.0
2872600000.0
926800000.0
3147600000.0
1870800000.0
8592800000.0
793200000.0
815200000.0
1102600000.0
1858200000.0
1201200000.0
826800000.0
760200000.0
982800000.0
12842200000.0
8383200000.0
875800000.0
820000000.0
23575000000.0
634400000.0
4789200000.0
1001200000.0
1398400000.0
785800000.0
796400000.0
1603200000.0
899400000.0
1162000000.0
1359800000.0
1615800000.0
2526800000.0
10307000000.0
1245000000.0
1324000000.0
703400000.0
925800000.0
6511800000.0
1932000000.0
1558000000.0
1835200000.0
800400000.0
672000000.0
6759800000.0
811800000.0
7254800000.0
2137600000.0
11405400000.0
3538200000.0
26681200000.0
26674200000.0
825200000.0
907400000.0
10138600000.0
729000000.0
1129800000.0
895400000.0
4384000000.0
1619000000.0
929800000.0
681200000.0
2929200000.0
672400000.0
5180400000.0
1791400000.0
2794400000.0
1384400000.0
7629800000.0
919600000.0
797400000.0
815800000.0
880400000.0
13899800000.0
1098600000.0
9779800000.0
1480800000.0
730200000.0
1601600000.0
2974200000.0